000000000000000000000000000000000000000000000
000000000100000000010000010000000010000010000
011110000100000000010000010000001010101010010
010011111111110011111111111110010011010010100
010010000100000000010000010000000101000101000
010100111111100000010000010000001000101000100
010100100100100000000010000000011111111111110
010010111111100000000001000000010000000000010
010010100100100000001001000000001111111111100
010010111111100000001000000100000000010000000
010010001110000001001000000010000000010000000
011100010101000001001000000010000111111111000
010000100100100001001000010010000000010010000
010001000100010010001000010000000000010001000
010000000100000000000111110000011111111111110
000000000000000000000000000000000000000000000
